7972790788
9207103905
9818323767
9672023768
6294581966
9944707231
8108758777
9414374005
8668534932
8951621907
7980031276
7840880204
9301711204
9411956551
9000545072
8459280809
8128653822
8448052074
8104933093
9695522771
9460689502
8630376589
9948013470
1234123412
983073663
+62 815 73380227
9493866755
8275430488
9177825257
9494677577
6376957139
9372518587
7987258065
6303873062
6359909010
9675063487
7972037421
9451691762
8793797502
9993176878
99289333623
8908789080
+9779817287411
+96892086985
8124761371
1234567890
125436889
0980987800
