7972790788
8383060699
9664203258
1234123412
9098083486
8220492746
9994186412
7339448769
9335985354
7822078292
7976310739
9793982777
9404025777
8617220703
8697630998
9391080307
7978179549
7906485543
8957491614
9572881227
6266926297
8658298059
8658298059
9880845003
9110985617
8210768969
9647349117
9958968287
9022248640
9003208106
983073663
8217022347
9839425444
8368831314
7290833350
+62 815 73380227
9111163369
9910193931
7839455251
9989353388
7888856355
9713700546
9582219409
8668596328
9811391529
9084875133
9940880853
9336080611
7597829264
7309901263
8977400159
9493866755
8275430488
9177825257
9494677577
6376957139
7703802740
9372518587
7987258065
6303873062
6359909010
9675063487
7972037421
9451691762
8793797502
9993176878
9790229917
7993261936
9080476546
9258735222
9899480208
9667798688
7227875814
9548710730
9667321888
7000833839
8217670779
9080187431
7987864614
8894448589
9131098286
8828191032
8434030233
8074134250
8870072629
9437831040
9014664821
8851179722
9082977723
9873235352
9650618048
7758830877
8587837235
8766324237
8825839582
9450612350
8278674540
8318563454
7986727037
7019999423
99289333623
6202963394
9874794979
8908789080
+9779817287411
8697362315
7373778922
9361694188
7987882766
9727916040
9971372606
9506587545
+96892086985
9629134084
8124761371
8193904570
9812269101
7357538000
9301778831
8130543790
8310376232
7227096082
8530240039
6203693360
8827550022
7780776656
9031745345
7070519341
7070519341
7899100608
7905469217
9769938749
8249963669
9833468332
9871800624
9390797465
9837547232
8779584614
9619334453
8378837111
9412450268
7739407772
7678669897
6206869471
7021349655
8264813885
8971442342
9079344199
9129204611
1234567890
9426875474
7769938312
9082133247
7569288974
8446563928
7340112868
9370448905
9071700800
9616290790
9967457015
8929411100
9481433027
9508309973
9142146003
125436889
0980987800
7898797679
8745060060
